Local Density Coefficient
  Points 358    Area 2409.00    Radius 1.00

Type (Cnt) |    1    2    3    4    5
   1 (  1) | 0.00 5.04 0.00 0.00 0.00
   2 (304) | 5.04 5.36 0.00 7.57 5.04
   3 (  4) | 0.00 0.00 0.00 0.00 4.36
   4 (  5) | 0.00 7.57 0.00 0.00 0.00
   5 ( 44) | 0.00 5.04 4.36 0.00 6.34
Type (Cnt) |    1    2    3    4    5



Local Density Coefficient
  Points 358    Area 2409.00    Radius 2.00

Type (Cnt) |     1     2     3     4     5
   1 (  1) |  0.00  3.15  0.00  0.00  0.00
   2 (304) |  3.15  3.85  2.05  3.91  4.04
   3 (  4) |  0.00  2.05 23.96  9.59  2.18
   4 (  5) |  0.00  3.91  9.59 15.34  1.74
   5 ( 44) |  0.00  4.04  2.18  1.74  4.16
Type (Cnt) |     1     2     3     4     5



Local Density Coefficient
  Points 358    Area 2409.00    Radius 5.00

Type (Cnt) |    1    2    3    4    5
   1 (  1) | 0.00 1.51 0.00 0.00 0.00
   2 (304) | 1.51 2.49 2.32 2.48 2.31
   3 (  4) | 0.00 2.32 3.83 4.60 1.39
   4 (  5) | 0.00 2.48 4.60 2.45 3.07
   5 ( 44) | 0.00 2.31 1.39 3.07 2.09
Type (Cnt) |    1    2    3    4    5



