Local Density Coefficient
  Points 16    Area 154.00    Radius 1.00

Type (Cnt) |     0     2     4    10    11    12    13
   0 (  6) |  5.45  0.00  0.00  0.00  0.00  0.00  0.00
   2 (  4) |  0.00  0.00  0.00  0.00  0.00  0.00  0.00
   4 (  2) |  0.00  0.00  0.00  0.00  0.00  0.00  0.00
  10 (  1) |  0.00  0.00  0.00  0.00 49.02  0.00  0.00
  11 (  1) |  0.00  0.00  0.00 49.02  0.00  0.00  0.00
  12 (  1) |  0.00  0.00  0.00  0.00  0.00  0.00  0.00
  13 (  1) |  0.00  0.00  0.00  0.00  0.00  0.00  0.00
Type (Cnt) |     0     2     4    10    11    12    13



Local Density Coefficient
  Points 16    Area 154.00    Radius 2.00

Type (Cnt) |     0     2     4    10    11    12    13
   0 (  6) |  2.72  2.04  0.00  0.00  0.00  0.00  0.00
   2 (  4) |  2.04  1.53  3.06  0.00  0.00  0.00  0.00
   4 (  2) |  0.00  3.06  0.00  0.00  0.00  0.00  0.00
  10 (  1) |  0.00  0.00  0.00  0.00 12.25  0.00  0.00
  11 (  1) |  0.00  0.00  0.00 12.25  0.00 12.25 12.25
  12 (  1) |  0.00  0.00  0.00  0.00 12.25  0.00 12.25
  13 (  1) |  0.00  0.00  0.00  0.00 12.25 12.25  0.00
Type (Cnt) |     0     2     4    10    11    12    13



Local Density Coefficient
  Points 16    Area 154.00    Radius 5.00

Type (Cnt) |    0    2    4   10   11   12   13
   0 (  6) | 0.76 0.33 0.00 0.00 0.00 0.00 0.00
   2 (  4) | 0.33 0.49 0.98 0.00 0.00 0.00 0.00
   4 (  2) | 0.00 0.98 0.98 0.00 0.00 0.00 0.00
  10 (  1) | 0.00 0.00 0.00 0.00 1.96 1.96 1.96
  11 (  1) | 0.00 0.00 0.00 1.96 0.00 1.96 1.96
  12 (  1) | 0.00 0.00 0.00 1.96 1.96 0.00 1.96
  13 (  1) | 0.00 0.00 0.00 1.96 1.96 1.96 0.00
Type (Cnt) |    0    2    4   10   11   12   13



